2.016666670000000039e+01
2.050000000000000000e+01
2.083333329999999961e+01
2.116666659999999922e+01
2.149999989999999883e+01
2.183333320000000199e+01
2.216666650000000161e+01
2.249999980000000122e+01
2.283333310000000083e+01
2.316666640000000044e+01
2.349999970000000005e+01
2.383333299999999966e+01
2.416666629999999927e+01
2.449999960000000243e+01
2.483333290000000204e+01
2.516666620000000165e+01
2.549999950000000126e+01
2.583333280000000087e+01
2.616666610000000048e+01
2.649999940000000009e+01
2.683333269999999970e+01
2.716666599999999931e+01
2.749999929999999893e+01
2.783333259999999854e+01
2.816666589999999815e+01
2.849999919999999776e+01
2.883333250000000092e+01
2.916666580000000053e+01
2.949999910000000014e+01
2.983333239999999975e+01
3.016666570000000291e+01
3.049999900000000252e+01
3.083333230000000214e+01
3.116666560000000175e+01
3.149999890000000136e+01
3.183333220000000097e+01
3.216666550000000058e+01
3.249999880000000019e+01
3.283333209999999980e+01
3.316666539999999941e+01
3.349999869999999902e+01
3.383333199999999863e+01
3.416666529999999824e+01
3.449999859999999785e+01
3.483333190000000457e+01
3.516666519999999707e+01
3.549999850000000379e+01
3.583333179999999629e+01
3.616666510000000301e+01
3.649999839999999551e+01
3.683333170000000223e+01
3.716666500000000184e+01
3.749999830000000145e+01
3.783333160000000106e+01
3.816666490000000067e+01
3.849999820000000028e+01
3.883333149999999989e+01
3.916666479999999950e+01
3.949999809999999911e+01
3.983333139999999872e+01
4.016666469999999833e+01
4.049999800000000505e+01
4.083333129999999755e+01
4.116666460000000427e+01
4.149999789999999678e+01
4.183333120000000349e+01
4.216666449999999600e+01
4.249999780000000271e+01
4.283333109999999522e+01
4.316666440000000193e+01
4.349999770000000154e+01
4.383333100000000115e+01
4.416666430000000076e+01
4.449999760000000038e+01
4.483333089999999999e+01
4.516666419999999960e+01
4.549999749999999921e+01
4.583333079999999882e+01
4.616666410000000553e+01
4.649999739999999804e+01
4.683333070000000475e+01
4.716666399999999726e+01
4.749999730000000397e+01
4.783333059999999648e+01
4.816666390000000320e+01
4.849999719999999570e+01
4.883333050000000242e+01
4.916666380000000203e+01
4.949999710000000164e+01
4.983333040000000125e+01
5.016666370000000086e+01
5.049999700000000047e+01
5.083333030000000008e+01
5.116666359999999969e+01
5.149999689999999930e+01
5.183333019999999891e+01
5.216666349999999852e+01
5.249999679999999813e+01
5.283333009999999774e+01
5.316666339999999735e+01
5.349999669999999696e+01
5.383333000000000368e+01
5.416666330000000329e+01
5.449999660000000290e+01
5.483332990000000251e+01
5.516666320000000212e+01
5.549999650000000173e+01
5.583332980000000134e+01
5.616666310000000095e+01
5.649999640000000056e+01
5.683332970000000017e+01
5.716666299999999978e+01
5.749999629999999939e+01
5.783332959999999900e+01
5.816666289999999861e+01
5.849999619999999823e+01
5.883332949999999784e+01
5.916666279999999745e+01
5.949999609999999706e+01
5.983332940000000377e+01
6.016666270000000338e+01
6.049999600000000299e+01
6.083332930000000260e+01
6.116666260000000221e+01
6.149999590000000182e+01
6.183332920000000144e+01
6.216666250000000105e+01
6.249999580000000066e+01
6.283332910000000027e+01
6.316666239999999988e+01
6.349999569999999949e+01
6.383332899999999910e+01
6.416666229999999871e+01
6.449999560000000542e+01
6.483332889999999793e+01
6.516666219999999043e+01
6.549999549999999715e+01
6.583332880000000387e+01
6.616666209999999637e+01
6.649999540000000309e+01
6.683332870000000980e+01
6.716666200000000231e+01
6.749999529999999481e+01
6.783332860000000153e+01
6.816666190000000825e+01
6.849999520000000075e+01
6.883332849999999326e+01
6.916666179999999997e+01
6.949999510000000669e+01
6.983332839999999919e+01
7.016666169999999170e+01
7.049999499999999841e+01
7.083332830000000513e+01
7.116666159999999763e+01
7.149999489999999014e+01
7.183332819999999685e+01
7.216666150000000357e+01
7.249999479999999608e+01
7.283332810000000279e+01
7.316666140000000951e+01
7.349999470000000201e+01
7.383332799999999452e+01
7.416666130000000123e+01
7.449999460000000795e+01
7.483332790000000045e+01
7.516666119999999296e+01
7.549999449999999968e+01
7.583332780000000639e+01
7.616666109999999890e+01
7.649999439999999140e+01
7.683332769999999812e+01
7.716666100000000483e+01
7.749999429999999734e+01
7.783332759999998984e+01
7.816666090000001077e+01
7.849999420000000327e+01
7.883332749999999578e+01
7.916666080000000250e+01
7.949999410000000921e+01
7.983332740000000172e+01
8.016666069999999422e+01
8.049999400000000094e+01
8.083332730000000765e+01
8.116666060000000016e+01
8.149999389999999266e+01
8.183332719999999938e+01
8.216666050000000610e+01
8.249999379999999860e+01
8.283332709999999111e+01
8.316666039999999782e+01
8.349999370000000454e+01
8.383332699999999704e+01
8.416666029999998955e+01
8.449999360000001047e+01
8.483332690000000298e+01
8.516666019999999548e+01
8.549999349999998799e+01
8.583332680000000892e+01
8.616666010000000142e+01
8.649999339999999393e+01
8.683332669999998643e+01
8.716666000000000736e+01
8.749999329999999986e+01
8.783332659999999237e+01
8.816665990000001329e+01
8.849999320000000580e+01
8.883332649999999830e+01
8.916665979999999081e+01
8.949999310000001174e+01
8.983332640000000424e+01
9.016665969999999675e+01
9.049999299999998925e+01
9.083332630000001018e+01
9.116665960000000268e+01
9.149999289999999519e+01
9.183332619999998769e+01
9.216665950000000862e+01
9.249999280000000113e+01
9.283332609999999363e+01
9.316665939999998614e+01
9.349999270000000706e+01
9.383332599999999957e+01
9.416665929999999207e+01
9.449999260000001300e+01
9.483332590000000550e+01
9.516665919999999801e+01
9.549999249999999051e+01
9.583332580000001144e+01
9.616665910000000395e+01
9.649999239999999645e+01
9.683332569999998896e+01
9.716665900000000988e+01
9.749999230000000239e+01
9.783332559999999489e+01
9.816665889999998740e+01
9.849999220000000832e+01
9.883332550000000083e+01
9.916665879999999333e+01
9.949999210000001426e+01
9.983332540000000677e+01
1.001666586999999993e+02
1.004999919999999918e+02
1.008333253000000127e+02
1.011666586000000052e+02
1.014999918999999977e+02
1.018333251999999902e+02
1.021666585000000111e+02
1.024999918000000036e+02
1.028333250999999962e+02
1.031666583999999887e+02
1.034999917000000096e+02
1.038333250000000021e+02
1.041666582999999946e+02
1.044999915999999871e+02
1.048333249000000080e+02
1.051666582000000005e+02
1.054999914999999930e+02
1.058333248000000140e+02
1.061666581000000065e+02
1.064999913999999990e+02
1.068333246999999915e+02
1.071666580000000124e+02
1.074999913000000049e+02
1.078333245999999974e+02
1.081666578999999899e+02
1.084999912000000108e+02
1.088333245000000034e+02
1.091666577999999959e+02
1.094999910999999884e+02
1.098333244000000093e+02
1.101666577000000018e+02
1.104999909999999943e+02
1.108333242999999868e+02
1.111666576000000077e+02
1.114999909000000002e+02
1.118333241999999927e+02
1.121666575000000137e+02
1.124999908000000062e+02
1.128333240999999987e+02
1.131666573999999912e+02
1.134999907000000121e+02
1.138333240000000046e+02
1.141666572999999971e+02
1.144999905999999896e+02
1.148333239000000106e+02
1.151666572000000031e+02
1.154999904999999956e+02
1.158333237999999881e+02
1.161666571000000090e+02
1.164999904000000015e+02
1.168333236999999940e+02
1.171666569999999865e+02
1.174999903000000074e+02
1.178333235999999999e+02
1.181666568999999924e+02
1.184999902000000134e+02
1.188333235000000059e+02
1.191666567999999984e+02
1.194999900999999909e+02
1.198333234000000118e+02
1.201666567000000043e+02
1.204999899999999968e+02
1.208333232999999893e+02
1.211666566000000103e+02
1.214999899000000028e+02
1.218333231999999953e+02
1.221666564999999878e+02
1.224999898000000087e+02
1.228333231000000012e+02
1.231666563999999937e+02
1.234999896999999862e+02
1.238333230000000071e+02
1.241666562999999996e+02
1.244999895999999922e+02
1.248333229000000131e+02
1.251666562000000056e+02
1.254999894999999981e+02
1.258333227999999906e+02
1.261666561000000115e+02
1.264999894000000040e+02
1.268333226999999965e+02
1.271666559999999890e+02
1.274999893000000100e+02
1.278333226000000025e+02
1.281666558999999950e+02
1.284999891999999875e+02
1.288333225000000084e+02
1.291666558000000009e+02
1.294999890999999934e+02
1.298333223999999859e+02
1.301666557000000068e+02
1.304999889999999994e+02
1.308333222999999919e+02
1.311666556000000128e+02
1.314999889000000053e+02
1.318333221999999978e+02
1.321666554999999903e+02
1.324999888000000112e+02
1.328333221000000037e+02
1.331666553999999962e+02
1.334999886999999887e+02
1.338333220000000097e+02
1.341666553000000022e+02
1.344999885999999947e+02
1.348333218999999872e+02
1.351666552000000081e+02
1.354999885000000006e+02
1.358333217999999931e+02
1.361666551000000140e+02
1.364999884000000065e+02
1.368333216999999991e+02
1.371666549999999916e+02
1.374999883000000125e+02
1.378333216000000050e+02
1.381666548999999975e+02
1.384999881999999900e+02
1.388333215000000109e+02
1.391666548000000034e+02
1.394999880999999959e+02
1.398333213999999884e+02
1.401666547000000094e+02
1.404999880000000019e+02
1.408333212999999944e+02
1.411666545999999869e+02
1.414999879000000078e+02
1.418333212000000003e+02
1.421666544999999928e+02
1.424999878000000137e+02
1.428333211000000063e+02
1.431666543999999988e+02
1.434999876999999913e+02
1.438333210000000122e+02
1.441666543000000047e+02
1.444999875999999972e+02
1.448333208999999897e+02
1.451666542000000106e+02
1.454999875000000031e+02
1.458333207999999956e+02
1.461666540999999881e+02
1.464999874000000091e+02
1.468333207000000016e+02
1.471666539999999941e+02
1.474999872999999866e+02
1.478333206000000075e+02
1.481666539000000000e+02
1.484999872000000209e+02
1.488333205000000135e+02
1.491666538000000060e+02
1.494999870999999985e+02
1.498333204000000194e+02
1.501666537000000119e+02
1.504999870000000044e+02
1.508333202999999969e+02
1.511666536000000178e+02
1.514999869000000103e+02
1.518333202000000028e+02
1.521666534999999953e+02
1.524999868000000163e+02
1.528333201000000088e+02
1.531666534000000013e+02
1.534999866999999938e+02
1.538333200000000147e+02
1.541666533000000072e+02
1.544999865999999997e+02
1.548333199000000207e+02
1.551666532000000132e+02
1.554999865000000057e+02
1.558333197999999982e+02
1.561666531000000191e+02
1.564999864000000116e+02
1.568333197000000041e+02
1.571666529999999966e+02
1.574999863000000175e+02
1.578333196000000100e+02
1.581666529000000025e+02
1.584999861999999951e+02
1.588333195000000160e+02
1.591666528000000085e+02
1.594999861000000010e+02
1.598333193999999935e+02
1.601666527000000144e+02
1.604999860000000069e+02
1.608333192999999994e+02
1.611666526000000204e+02
1.614999859000000129e+02
1.618333192000000054e+02
1.621666524999999979e+02
1.624999858000000188e+02
1.628333191000000113e+02
1.631666524000000038e+02
1.634999856999999963e+02
1.638333190000000172e+02
1.641666523000000097e+02
1.644999856000000023e+02
1.648333188999999948e+02
1.651666522000000157e+02
1.654999855000000082e+02
1.658333188000000007e+02
1.661666520999999932e+02
1.664999854000000141e+02
1.668333187000000066e+02
1.671666519999999991e+02
1.674999853000000201e+02
1.678333186000000126e+02
1.681666519000000051e+02
1.684999851999999976e+02
1.688333185000000185e+02
1.691666518000000110e+02
1.694999851000000035e+02
1.698333183999999960e+02
1.701666517000000169e+02
1.704999850000000094e+02
1.708333183000000020e+02
1.711666515999999945e+02
1.714999849000000154e+02
1.718333182000000079e+02
1.721666515000000004e+02
1.724999847999999929e+02
1.728333181000000138e+02
1.731666514000000063e+02
1.734999846999999988e+02
1.738333180000000198e+02
1.741666513000000123e+02
1.744999846000000048e+02
1.748333178999999973e+02
1.751666512000000182e+02
1.754999845000000107e+02
1.758333178000000032e+02
1.761666510999999957e+02
1.764999844000000166e+02
1.768333177000000092e+02
1.771666510000000017e+02
1.774999842999999942e+02
1.778333176000000151e+02
1.781666509000000076e+02
1.784999842000000001e+02
1.788333175000000210e+02
1.791666508000000135e+02
1.794999841000000060e+02
1.798333173999999985e+02
1.801666507000000195e+02
1.804999840000000120e+02
1.808333173000000045e+02
1.811666505999999970e+02
1.814999839000000179e+02
1.818333172000000104e+02
1.821666505000000029e+02
1.824999837999999954e+02
1.828333171000000164e+02
1.831666504000000089e+02
1.834999837000000014e+02
1.838333169999999939e+02
1.841666503000000148e+02
1.844999836000000073e+02
1.848333168999999998e+02
1.851666502000000207e+02
1.854999835000000132e+02
1.858333168000000057e+02
1.861666500999999982e+02
1.864999834000000192e+02
1.868333167000000117e+02
1.871666500000000042e+02
1.874999832999999967e+02
1.878333166000000176e+02
1.881666499000000101e+02
1.884999832000000026e+02
1.888333164999999951e+02
1.891666498000000161e+02
1.894999831000000086e+02
1.898333164000000011e+02
1.901666496999999936e+02
1.904999830000000145e+02
1.908333163000000070e+02
1.911666495999999995e+02
1.914999829000000204e+02
1.918333162000000129e+02
1.921666495000000054e+02
1.924999827999999980e+02
1.928333161000000189e+02
1.931666494000000114e+02
1.934999827000000039e+02
1.938333159999999964e+02
1.941666493000000173e+02
1.944999826000000098e+02
1.948333159000000023e+02
1.951666491999999948e+02
1.954999825000000158e+02
1.958333158000000083e+02
1.961666491000000008e+02
1.964999823999999933e+02
1.968333157000000142e+02
1.971666490000000067e+02
1.974999822999999992e+02
1.978333156000000201e+02
1.981666489000000126e+02
1.984999822000000052e+02
1.988333154999999977e+02
1.991666488000000186e+02
1.994999821000000111e+02
1.998333154000000036e+02
2.001666486999999961e+02
2.004999820000000170e+02
2.008333153000000095e+02
2.011666486000000020e+02
2.014999818999999945e+02
2.018333152000000155e+02
2.021666485000000080e+02
2.024999818000000005e+02
2.028333150999999930e+02
2.031666484000000139e+02
2.034999817000000064e+02
2.038333149999999989e+02
2.041666483000000198e+02
2.044999816000000123e+02
2.048333149000000049e+02
2.051666481999999974e+02
2.054999815000000183e+02
2.058333148000000108e+02
2.061666481000000033e+02
2.064999813999999958e+02
2.068333147000000167e+02
2.071666480000000092e+02
2.074999813000000017e+02
2.078333145999999942e+02
2.081666479000000152e+02
2.084999812000000077e+02
2.088333145000000002e+02
2.091666478000000211e+02
2.094999811000000136e+02
2.098333144000000061e+02
2.101666476999999986e+02
2.104999810000000195e+02
2.108333143000000121e+02
2.111666476000000046e+02
2.114999808999999971e+02
2.118333142000000180e+02
2.121666475000000105e+02
2.124999808000000030e+02
2.128333140999999955e+02
2.131666474000000164e+02
2.134999807000000089e+02
2.138333140000000014e+02
2.141666472999999939e+02
2.144999806000000149e+02
2.148333139000000074e+02
2.151666471999999999e+02
2.154999805000000208e+02
2.158333138000000133e+02
2.161666471000000058e+02
2.164999803999999983e+02
2.168333137000000193e+02
2.171666470000000118e+02
2.174999803000000043e+02
2.178333135999999968e+02
2.181666469000000177e+02
2.184999802000000102e+02
2.188333135000000027e+02
2.191666467999999952e+02
2.194999801000000161e+02
2.198333134000000086e+02
2.201666467000000011e+02
2.204999799999999937e+02
2.208333133000000146e+02
2.211666466000000071e+02
2.214999798999999996e+02
2.218333132000000205e+02
2.221666465000000130e+02
2.224999798000000055e+02
2.228333130999999980e+02
2.231666464000000190e+02
2.234999797000000115e+02
2.238333130000000040e+02
2.241666462999999965e+02
2.244999796000000174e+02
2.248333129000000099e+02
2.251666462000000024e+02
2.254999794999999949e+02
2.258333128000000158e+02
2.261666461000000083e+02
2.264999794000000009e+02
2.268333126999999934e+02
2.271666460000000143e+02
2.274999793000000068e+02
2.278333125999999993e+02
2.281666459000000202e+02
2.284999792000000127e+02
2.288333125000000052e+02
2.291666457999999977e+02
2.294999791000000187e+02
2.298333124000000112e+02
2.301666457000000037e+02
2.304999789999999962e+02
2.308333123000000171e+02
2.311666456000000096e+02
2.314999789000000021e+02
2.318333121999999946e+02
2.321666455000000155e+02
2.324999788000000081e+02
2.328333121000000006e+02
2.331666453999999931e+02
2.334999787000000140e+02
2.338333120000000065e+02
2.341666452999999990e+02
2.344999786000000199e+02
2.348333119000000124e+02
2.351666452000000049e+02
2.354999784999999974e+02
2.358333118000000184e+02
2.361666451000000109e+02
2.364999784000000034e+02
2.368333116999999959e+02
2.371666450000000168e+02
2.374999783000000093e+02
2.378333116000000018e+02
2.381666448999999943e+02
2.384999782000000152e+02
2.388333115000000078e+02
2.391666448000000003e+02
2.394999780999999928e+02
2.398333114000000137e+02
2.401666447000000062e+02
2.404999779999999987e+02
2.408333113000000196e+02
2.411666446000000121e+02
2.414999779000000046e+02
2.418333111999999971e+02
2.421666445000000181e+02
2.424999778000000106e+02
2.428333111000000031e+02
2.431666443999999956e+02
2.434999777000000165e+02
2.438333110000000090e+02
2.441666443000000015e+02
2.444999775999999940e+02
2.448333109000000150e+02
2.451666442000000075e+02
2.454999775000000000e+02
2.458333108000000209e+02
2.461666441000000134e+02
2.464999774000000059e+02
2.468333106999999984e+02
2.471666440000000193e+02
2.474999773000000118e+02
2.478333106000000043e+02
2.481666438999999968e+02
2.484999772000000178e+02
2.488333105000000103e+02
2.491666438000000028e+02
2.494999770999999953e+02
2.498333104000000162e+02
2.501666437000000087e+02
2.504999770000000012e+02
2.508333102999999937e+02
2.511666436000000147e+02
2.514999769000000072e+02
2.518333101999999997e+02
2.521666435000000206e+02
2.524999768000000131e+02
2.528333101000000056e+02
2.531666433999999981e+02
2.534999767000000190e+02
2.538333100000000115e+02
2.541666433000000040e+02
2.544999765999999966e+02
2.548333099000000175e+02
2.551666432000000100e+02
2.554999765000000025e+02
2.558333097999999950e+02
2.561666430999999875e+02
2.564999763999999800e+02
2.568333096999999725e+02
2.571666429999999650e+02
2.574999763000000144e+02
2.578333096000000069e+02
2.581666428999999994e+02
2.584999761999999919e+02
2.588333094999999844e+02
2.591666427999999769e+02
2.594999760999999694e+02
2.598333094000000187e+02
2.601666427000000112e+02
2.604999760000000038e+02
2.608333092999999963e+02
2.611666425999999888e+02
2.614999758999999813e+02
2.618333091999999738e+02
2.621666424999999663e+02
2.624999758000000156e+02
2.628333091000000081e+02
2.631666424000000006e+02
2.634999756999999931e+02
2.638333089999999856e+02
2.641666422999999781e+02
2.644999755999999707e+02
2.648333089000000200e+02
2.651666422000000125e+02
2.654999755000000050e+02
2.658333087999999975e+02
2.661666420999999900e+02
2.664999753999999825e+02
2.668333086999999750e+02
2.671666419999999675e+02
2.674999753000000169e+02
2.678333086000000094e+02
2.681666419000000019e+02
2.684999751999999944e+02
2.688333084999999869e+02
2.691666417999999794e+02
2.694999750999999719e+02
2.698333083999999644e+02
2.701666417000000138e+02
2.704999750000000063e+02
2.708333082999999988e+02
2.711666415999999913e+02
2.714999748999999838e+02
2.718333081999999763e+02
2.721666414999999688e+02
2.724999748000000181e+02
2.728333081000000107e+02
2.731666414000000032e+02
2.734999746999999957e+02
2.738333079999999882e+02
2.741666412999999807e+02
2.744999745999999732e+02
2.748333078999999657e+02
2.751666412000000150e+02
2.754999745000000075e+02
2.758333078000000000e+02
2.761666410999999925e+02
2.764999743999999851e+02
2.768333077000000344e+02
2.771666410000000269e+02
2.774999743000000194e+02
2.778333076000000119e+02
2.781666409000000044e+02
2.784999741999999969e+02
2.788333074999999894e+02
2.791666407999999819e+02
2.794999741000000313e+02
2.798333074000000238e+02
2.801666407000000163e+02
2.804999740000000088e+02
2.808333073000000013e+02
2.811666405999999938e+02
2.814999738999999863e+02
2.818333071999999788e+02
2.821666405000000282e+02
2.824999738000000207e+02
2.828333071000000132e+02
2.831666404000000057e+02
2.834999736999999982e+02
2.838333069999999907e+02
2.841666402999999832e+02
2.844999736000000325e+02
2.848333069000000251e+02
2.851666402000000176e+02
2.854999735000000101e+02
2.858333068000000026e+02
2.861666400999999951e+02
2.864999733999999876e+02
2.868333066999999801e+02
2.871666400000000294e+02
2.874999733000000219e+02
2.878333066000000144e+02
2.881666399000000069e+02
2.884999731999999995e+02
2.888333064999999920e+02
2.891666397999999845e+02
2.894999731000000338e+02
2.898333064000000263e+02
2.901666397000000188e+02
2.904999730000000113e+02
2.908333063000000038e+02
2.911666395999999963e+02
2.914999728999999888e+02
2.918333061999999813e+02
2.921666395000000307e+02
2.924999728000000232e+02
2.928333061000000157e+02
2.931666394000000082e+02
2.934999727000000007e+02
2.938333059999999932e+02
2.941666392999999857e+02
2.944999726000000351e+02
2.948333059000000276e+02
2.951666392000000201e+02
2.954999725000000126e+02
2.958333058000000051e+02
2.961666390999999976e+02
2.964999723999999901e+02
2.968333056999999826e+02
2.971666390000000320e+02
2.974999723000000245e+02
2.978333056000000170e+02
2.981666389000000095e+02
2.984999722000000020e+02
2.988333054999999945e+02
2.991666387999999870e+02
2.994999720999999795e+02
2.998333054000000288e+02
3.001666387000000213e+02
3.004999720000000138e+02
3.008333053000000064e+02
3.011666385999999989e+02
3.014999718999999914e+02
3.018333051999999839e+02
3.021666385000000332e+02
3.024999718000000257e+02
3.028333051000000182e+02
3.031666384000000107e+02
3.034999717000000032e+02
3.038333049999999957e+02
3.041666382999999882e+02
3.044999715999999808e+02
3.048333049000000301e+02
3.051666382000000226e+02
3.054999715000000151e+02
3.058333048000000076e+02
3.061666381000000001e+02
3.064999713999999926e+02
3.068333046999999851e+02
3.071666380000000345e+02
3.074999713000000270e+02
3.078333046000000195e+02
3.081666379000000120e+02
3.084999712000000045e+02
3.088333044999999970e+02
3.091666377999999895e+02
3.094999710999999820e+02
3.098333044000000314e+02
3.101666377000000239e+02
3.104999710000000164e+02
3.108333043000000089e+02
3.111666376000000014e+02
3.114999708999999939e+02
3.118333041999999864e+02
3.121666374999999789e+02
3.124999708000000282e+02
3.128333041000000208e+02
3.131666374000000133e+02
3.134999707000000058e+02
3.138333039999999983e+02
3.141666372999999908e+02
3.144999705999999833e+02
3.148333039000000326e+02
3.151666372000000251e+02
3.154999705000000176e+02
3.158333038000000101e+02
3.161666371000000026e+02
3.164999703999999952e+02
3.168333036999999877e+02
3.171666369999999802e+02
3.174999703000000295e+02
3.178333036000000220e+02
3.181666369000000145e+02
3.184999702000000070e+02
3.188333034999999995e+02
3.191666367999999920e+02
3.194999700999999845e+02
3.198333034000000339e+02
3.201666367000000264e+02
3.204999700000000189e+02
3.208333033000000114e+02
3.211666366000000039e+02
3.214999698999999964e+02
3.218333031999999889e+02
3.221666364999999814e+02
3.224999698000000308e+02
3.228333031000000233e+02
3.231666364000000158e+02
3.234999697000000083e+02
3.238333030000000008e+02
3.241666362999999933e+02
3.244999695999999858e+02
3.248333028999999783e+02
3.251666362000000277e+02
3.254999695000000202e+02
3.258333028000000127e+02
3.261666361000000052e+02
3.264999693999999977e+02
3.268333026999999902e+02
3.271666359999999827e+02
3.274999693000000320e+02
3.278333026000000245e+02
3.281666359000000170e+02
3.284999692000000096e+02
3.288333025000000021e+02
3.291666357999999946e+02
3.294999690999999871e+02
3.298333023999999796e+02
3.301666357000000289e+02
3.304999690000000214e+02
3.308333023000000139e+02
3.311666356000000064e+02
3.314999688999999989e+02
3.318333021999999914e+02
3.321666354999999839e+02
3.324999688000000333e+02
3.328333021000000258e+02
3.331666354000000183e+02
3.334999687000000108e+02
3.338333020000000033e+02
3.341666352999999958e+02
3.344999685999999883e+02
3.348333018999999808e+02
3.351666352000000302e+02
3.354999685000000227e+02
3.358333018000000152e+02
3.361666351000000077e+02
3.364999684000000002e+02
3.368333016999999927e+02
3.371666349999999852e+02
3.374999683000000346e+02
3.378333016000000271e+02
3.381666349000000196e+02
3.384999682000000121e+02
3.388333015000000046e+02
3.391666347999999971e+02
3.394999680999999896e+02
3.398333013999999821e+02
3.401666347000000314e+02
3.404999680000000239e+02
3.408333013000000165e+02
3.411666346000000090e+02
3.414999679000000015e+02
3.418333011999999940e+02
3.421666344999999865e+02
3.424999677999999790e+02
3.428333011000000283e+02
3.431666344000000208e+02
3.434999677000000133e+02
3.438333010000000058e+02
3.441666342999999983e+02
3.444999675999999909e+02
3.448333008999999834e+02
3.451666342000000327e+02
3.454999675000000252e+02
3.458333008000000177e+02
3.461666341000000102e+02
3.464999674000000027e+02
3.468333006999999952e+02
3.471666339999999877e+02
3.474999672999999802e+02
3.478333006000000296e+02
3.481666339000000221e+02
3.484999672000000146e+02
3.488333005000000071e+02
3.491666337999999996e+02
3.494999670999999921e+02
3.498333003999999846e+02
3.501666337000000340e+02
3.504999670000000265e+02
3.508333003000000190e+02
3.511666336000000115e+02
3.514999669000000040e+02
3.518333001999999965e+02
3.521666334999999890e+02
3.524999667999999815e+02
3.528333001000000309e+02
3.531666334000000234e+02
3.534999667000000159e+02
3.538333000000000084e+02
3.541666333000000009e+02
3.544999665999999934e+02
3.548332998999999859e+02
3.551666331999999784e+02
3.554999665000000277e+02
3.558332998000000202e+02
3.561666331000000127e+02
3.564999664000000053e+02
3.568332996999999978e+02
3.571666329999999903e+02
3.574999662999999828e+02
3.578332996000000321e+02
3.581666329000000246e+02
3.584999662000000171e+02
3.588332995000000096e+02
3.591666328000000021e+02
3.594999660999999946e+02
3.598332993999999871e+02
3.601666326999999796e+02
3.604999660000000290e+02
3.608332993000000215e+02
3.611666326000000140e+02
3.614999659000000065e+02
3.618332991999999990e+02
3.621666324999999915e+02
3.624999657999999840e+02
3.628332991000000334e+02
3.631666324000000259e+02
3.634999657000000184e+02
3.638332990000000109e+02
3.641666323000000034e+02
3.644999655999999959e+02
3.648332988999999884e+02
3.651666321999999809e+02
3.654999655000000303e+02
3.658332988000000228e+02
3.661666321000000153e+02
3.664999654000000078e+02
3.668332987000000003e+02
3.671666319999999928e+02
3.674999652999999853e+02
3.678332986000000346e+02
3.681666319000000271e+02
3.684999652000000196e+02
3.688332985000000122e+02
3.691666318000000047e+02
3.694999650999999972e+02
3.698332983999999897e+02
3.701666316999999822e+02
3.704999650000000315e+02
3.708332983000000240e+02
3.711666316000000165e+02
3.714999649000000090e+02
3.718332982000000015e+02
3.721666314999999940e+02
3.724999647999999866e+02
3.728332980999999791e+02
3.731666314000000284e+02
3.734999647000000209e+02
3.738332980000000134e+02
3.741666313000000059e+02
3.744999645999999984e+02
3.748332978999999909e+02
3.751666311999999834e+02
3.754999645000000328e+02
3.758332978000000253e+02
3.761666311000000178e+02
3.764999644000000103e+02
3.768332977000000028e+02
3.771666309999999953e+02
3.774999642999999878e+02
3.778332975999999803e+02
3.781666309000000297e+02
3.784999642000000222e+02
3.788332975000000147e+02
3.791666308000000072e+02
3.794999640999999997e+02
3.798332973999999922e+02
3.801666306999999847e+02
