-8.983333330000000672e+01
-8.950000000000000000e+01
-8.916666670000000749e+01
-8.883333340000000078e+01
-8.850000010000000827e+01
-8.816666680000000156e+01
-8.783333350000000905e+01
-8.750000020000000234e+01
-8.716666690000000983e+01
-8.683333360000000312e+01
-8.650000030000001061e+01
-8.616666700000000390e+01
-8.583333370000001139e+01
-8.550000040000000467e+01
-8.516666710000001217e+01
-8.483333380000000545e+01
-8.450000050000001295e+01
-8.416666720000000623e+01
-8.383333390000001373e+01
-8.350000060000000701e+01
-8.316666730000000030e+01
-8.283333400000000779e+01
-8.250000070000000107e+01
-8.216666740000000857e+01
-8.183333410000000185e+01
-8.150000080000000935e+01
-8.116666750000000263e+01
-8.083333420000001013e+01
-8.050000090000000341e+01
-8.016666760000001091e+01
-7.983333430000000419e+01
-7.950000100000001169e+01
-7.916666770000000497e+01
-7.883333440000001247e+01
-7.850000110000000575e+01
-7.816666779999999903e+01
-7.783333450000000653e+01
-7.750000120000001402e+01
-7.716666790000000731e+01
-7.683333460000000059e+01
-7.650000130000000809e+01
-7.616666800000000137e+01
-7.583333470000000887e+01
-7.550000140000000215e+01
-7.516666810000000964e+01
-7.483333480000000293e+01
-7.450000150000001042e+01
-7.416666820000000371e+01
-7.383333490000001120e+01
-7.350000160000000449e+01
-7.316666830000001198e+01
-7.283333500000000527e+01
-7.250000170000001276e+01
-7.216666840000000605e+01
-7.183333509999999933e+01
-7.150000180000000682e+01
-7.116666850000001432e+01
-7.083333520000000760e+01
-7.050000190000000089e+01
-7.016666860000000838e+01
-6.983333530000000167e+01
-6.950000200000000916e+01
-6.916666870000000245e+01
-6.883333540000000994e+01
-6.850000210000000322e+01
-6.816666880000001072e+01
-6.783333550000000400e+01
-6.750000220000001150e+01
-6.716666890000000478e+01
-6.683333559999999807e+01
-6.650000230000000556e+01
-6.616666900000001306e+01
-6.583333570000000634e+01
-6.550000239999999962e+01
-6.516666910000000712e+01
-6.483333580000001461e+01
-6.450000250000000790e+01
-6.416666920000000118e+01
-6.383333590000000868e+01
-6.350000260000000196e+01
-6.316666930000000946e+01
-6.283333600000000274e+01
-6.250000270000001024e+01
-6.216666940000000352e+01
-6.183333610000001102e+01
-6.150000280000000430e+01
-6.116666950000001179e+01
-6.083333620000000508e+01
-6.050000290000000547e+01
-6.016666960000000586e+01
-5.983333630000000625e+01
-5.950000300000000664e+01
-5.916666970000000703e+01
-5.883333640000000742e+01
-5.850000310000000781e+01
-5.816666980000000819e+01
-5.783333650000000858e+01
-5.750000320000000897e+01
-5.716666990000000936e+01
-5.683333660000000975e+01
-5.650000330000001014e+01
-5.616667000000000343e+01
-5.583333670000000382e+01
-5.550000340000000421e+01
-5.516667010000000460e+01
-5.483333680000000498e+01
-5.450000350000000537e+01
-5.416667020000000576e+01
-5.383333690000000615e+01
-5.350000360000000654e+01
-5.316667030000000693e+01
-5.283333700000000732e+01
-5.250000370000000771e+01
-5.216667040000000810e+01
-5.183333710000000849e+01
-5.150000380000000888e+01
-5.116667050000000927e+01
-5.083333720000000966e+01
-5.050000390000001005e+01
-5.016667060000000333e+01
-4.983333730000000372e+01
-4.950000400000000411e+01
-4.916667070000000450e+01
-4.883333740000000489e+01
-4.850000410000000528e+01
-4.816667080000000567e+01
-4.783333750000000606e+01
-4.750000420000000645e+01
-4.716667090000000684e+01
-4.683333760000000723e+01
-4.650000430000000762e+01
-4.616667100000000801e+01
-4.583333770000000840e+01
-4.550000440000000879e+01
-4.516667110000000918e+01
-4.483333780000000957e+01
-4.450000450000000995e+01
-4.416667120000001034e+01
-4.383333790000000363e+01
-4.350000460000000402e+01
-4.316667130000000441e+01
-4.283333800000000480e+01
-4.250000470000000519e+01
-4.216667140000000558e+01
-4.183333810000000597e+01
-4.150000480000000636e+01
-4.116667150000000674e+01
-4.083333820000000713e+01
-4.050000490000000752e+01
-4.016667160000000791e+01
-3.983333830000000830e+01
-3.950000500000000869e+01
-3.916667170000000908e+01
-3.883333840000000947e+01
-3.850000510000000986e+01
-3.816667180000001025e+01
-3.783333850000000353e+01
-3.750000520000000392e+01
-3.716667190000000431e+01
-3.683333860000000470e+01
-3.650000530000000509e+01
-3.616667200000000548e+01
-3.583333870000000587e+01
-3.550000540000000626e+01
-3.516667210000000665e+01
-3.483333880000000704e+01
-3.450000550000000743e+01
-3.416667220000000782e+01
-3.383333890000000821e+01
-3.350000560000000860e+01
-3.316667230000000899e+01
-3.283333900000000938e+01
-3.250000570000000977e+01
-3.216667240000001016e+01
-3.183333910000000344e+01
-3.150000580000000383e+01
-3.116667250000000422e+01
-3.083333920000000461e+01
-3.050000590000000500e+01
-3.016667260000000539e+01
-2.983333930000000578e+01
-2.950000600000000617e+01
-2.916667270000000656e+01
-2.883333940000000695e+01
-2.850000610000000734e+01
-2.816667280000000773e+01
-2.783333950000000812e+01
-2.750000620000000850e+01
-2.716667290000000889e+01
-2.683333960000000928e+01
-2.650000630000000967e+01
-2.616667300000001006e+01
-2.583333970000001045e+01
-2.550000640000000374e+01
-2.516667310000001123e+01
-2.483333980000000452e+01
-2.450000650000001201e+01
-2.416667320000000529e+01
-2.383333990000001279e+01
-2.350000660000000607e+01
-2.316667330000001357e+01
-2.283334000000000685e+01
-2.250000670000000014e+01
-2.216667340000000763e+01
-2.183334010000000092e+01
-2.150000680000000841e+01
-2.116667350000000170e+01
-2.083334020000000919e+01
-2.050000690000000247e+01
-2.016667360000000997e+01
-1.983334030000000325e+01
-1.950000700000001075e+01
-1.916667370000000403e+01
-1.883334040000001153e+01
-1.850000710000000481e+01
-1.816667380000001231e+01
-1.783334050000000559e+01
-1.750000720000001309e+01
-1.716667390000000637e+01
-1.683334060000001386e+01
-1.650000730000000715e+01
-1.616667400000000043e+01
-1.583334070000000793e+01
-1.550000740000000121e+01
-1.516667410000000871e+01
-1.483334080000000199e+01
-1.450000750000000949e+01
-1.416667420000000277e+01
-1.383334090000001027e+01
-1.350000760000000355e+01
-1.316667430000001104e+01
-1.283334100000000433e+01
-1.250000770000001182e+01
-1.216667440000000511e+01
-1.183334110000001260e+01
-1.150000780000000589e+01
-1.116667450000001338e+01
-1.083334120000000667e+01
-1.050000789999999995e+01
-1.016667460000000744e+01
-9.833341300000000729e+00
-9.500008000000008224e+00
-9.166674700000001508e+00
-8.833341400000009003e+00
-8.500008100000002287e+00
-8.166674800000009782e+00
-7.833341500000003066e+00
-7.500008200000010561e+00
-7.166674900000003845e+00
-6.833341600000011340e+00
-6.500008300000004624e+00
-6.166675000000012119e+00
-5.833341700000005403e+00
-5.500008400000012898e+00
-5.166675100000006182e+00
-4.833341800000013677e+00
-4.500008500000006961e+00
-4.166675200000000245e+00
-3.833341900000007740e+00
-3.500008600000001024e+00
-3.166675300000008519e+00
-2.833342000000001804e+00
-2.500008700000009298e+00
-2.166675400000002583e+00
-1.833342100000010078e+00
-1.500008800000003362e+00
-1.166675500000010857e+00
-8.333422000000041407e-01
-5.000089000000116357e-01
-1.666756000000049198e-01
1.666576999999875852e-01
4.999909999999943011e-01
8.333242999999868061e-01
1.166657599999993522e+00
1.499990899999986027e+00
1.833324199999992743e+00
2.166657499999999459e+00
2.499990799999991964e+00
2.833324099999998680e+00
3.166657399999991185e+00
3.499990699999997901e+00
3.833323999999990406e+00
4.166657299999997122e+00
4.499990599999989627e+00
4.833323899999996343e+00
5.166657199999988848e+00
5.499990499999995563e+00
5.833323799999988069e+00
6.166657099999994784e+00
6.499990399999987289e+00
6.833323699999994005e+00
7.166656999999986510e+00
7.499990299999993226e+00
7.833323599999999942e+00
8.166656899999992447e+00
8.499990199999999163e+00
8.833323499999991668e+00
9.166656799999998384e+00
9.499990099999990889e+00
9.833323399999997605e+00
1.016665669999999011e+01
1.049998999999999683e+01
1.083332329999998933e+01
1.116665659999999605e+01
1.149998989999998855e+01
1.183332319999999527e+01
1.216665649999998777e+01
1.249998979999999449e+01
1.283332309999998699e+01
1.316665639999999371e+01
1.349998969999998621e+01
1.383332299999999293e+01
1.416665629999999965e+01
1.449998959999999215e+01
1.483332289999999887e+01
1.516665619999999137e+01
1.549998949999999809e+01
1.583332279999999059e+01
1.616665609999999731e+01
1.649998939999998981e+01
1.683332269999999653e+01
1.716665599999998904e+01
1.749998929999999575e+01
1.783332259999998826e+01
1.816665589999999497e+01
1.849998919999998748e+01
1.883332249999999419e+01
1.916665579999998670e+01
1.949998909999999341e+01
1.983332239999998592e+01
2.016665569999999263e+01
2.049998899999999935e+01
2.083332229999999186e+01
2.116665559999999857e+01
2.149998889999999108e+01
2.183332219999999779e+01
2.216665549999999030e+01
2.249998879999999701e+01
2.283332209999998952e+01
2.316665539999999623e+01
2.349998869999998874e+01
2.383332199999999546e+01
2.416665529999998796e+01
2.449998859999999468e+01
2.483332189999998718e+01
2.516665519999999390e+01
2.549998849999998640e+01
2.583332179999999312e+01
2.616665509999999983e+01
2.649998839999999234e+01
2.683332169999999905e+01
2.716665499999999156e+01
2.749998829999999828e+01
2.783332159999999078e+01
2.816665489999999750e+01
2.849998819999999000e+01
2.883332149999999672e+01
2.916665479999998922e+01
2.949998809999999594e+01
2.983332139999998844e+01
3.016665469999999516e+01
3.049998799999998766e+01
3.083332129999999438e+01
3.116665459999998689e+01
3.149998789999999360e+01
3.183332119999998611e+01
3.216665449999999282e+01
3.249998779999999954e+01
3.283332109999999204e+01
3.316665439999999876e+01
3.349998769999999126e+01
3.383332099999999798e+01
3.416665429999999049e+01
3.449998759999999720e+01
3.483332089999998971e+01
3.516665419999999642e+01
3.549998749999998893e+01
3.583332079999999564e+01
3.616665409999998815e+01
3.649998739999999486e+01
3.683332069999998737e+01
3.716665399999999408e+01
3.749998729999998659e+01
3.783332059999999331e+01
3.816665389999998581e+01
3.849998720000000674e+01
3.883332049999999924e+01
3.916665379999999175e+01
3.949998709999998425e+01
3.983332040000000518e+01
4.016665369999999768e+01
4.049998699999999019e+01
4.083332029999998269e+01
4.116665360000000362e+01
4.149998689999999613e+01
4.183332019999998863e+01
4.216665349999998114e+01
4.249998680000000206e+01
4.283332009999999457e+01
4.316665339999998707e+01
4.349998669999997958e+01
4.383332000000000050e+01
4.416665329999999301e+01
4.449998659999998551e+01
4.483331990000000644e+01
4.516665319999999895e+01
4.549998649999999145e+01
4.583331979999998396e+01
4.616665310000000488e+01
4.649998639999999739e+01
4.683331969999998989e+01
4.716665299999998240e+01
4.749998630000000333e+01
4.783331959999999583e+01
4.816665289999998834e+01
4.849998619999998084e+01
4.883331950000000177e+01
4.916665279999999427e+01
4.949998609999998678e+01
4.983331939999997928e+01
5.016665270000000021e+01
5.049998599999999271e+01
5.083331929999998522e+01
5.116665260000000615e+01
5.149998589999999865e+01
5.183331919999999116e+01
5.216665249999998366e+01
5.249998580000000459e+01
5.283331909999999709e+01
5.316665239999998960e+01
5.349998569999998210e+01
5.383331900000000303e+01
5.416665229999999553e+01
5.449998559999998804e+01
5.483331889999998054e+01
5.516665220000000147e+01
5.549998549999999398e+01
5.583331879999998648e+01
5.616665209999997899e+01
5.649998539999999991e+01
5.683331869999999242e+01
5.716665199999998492e+01
5.749998530000000585e+01
5.783331859999999836e+01
5.816665189999999086e+01
5.849998519999998337e+01
5.883331850000000429e+01
5.916665179999999680e+01
5.949998509999998930e+01
5.983331839999998181e+01
6.016665170000000273e+01
6.049998499999999524e+01
6.083331829999998774e+01
6.116665159999998025e+01
6.149998490000000118e+01
6.183331819999999368e+01
6.216665149999998619e+01
6.249998479999997869e+01
6.283331809999999962e+01
6.316665139999999212e+01
6.349998469999998463e+01
6.383331800000000555e+01
6.416665129999999806e+01
6.449998459999999056e+01
6.483331789999998307e+01
6.516665120000000400e+01
6.549998449999999650e+01
6.583331779999998901e+01
6.616665109999998151e+01
6.649998440000000244e+01
6.683331769999999494e+01
6.716665099999998745e+01
6.749998429999997995e+01
6.783331760000000088e+01
6.816665089999999338e+01
6.849998419999998589e+01
6.883331750000000682e+01
6.916665079999999932e+01
6.949998409999999183e+01
6.983331739999998433e+01
7.016665070000000526e+01
7.049998399999999776e+01
7.083331729999999027e+01
7.116665059999998277e+01
7.149998390000000370e+01
7.183331719999999621e+01
7.216665049999998871e+01
7.249998379999998122e+01
7.283331710000000214e+01
7.316665039999999465e+01
7.349998369999998715e+01
7.383331699999997966e+01
7.416665030000000058e+01
7.449998359999999309e+01
7.483331689999998559e+01
7.516665020000000652e+01
7.549998349999999903e+01
7.583331679999999153e+01
7.616665009999998404e+01
7.649998340000000496e+01
7.683331669999999747e+01
7.716664999999998997e+01
7.749998329999998248e+01
7.783331660000000340e+01
7.816664989999999591e+01
7.849998319999998841e+01
7.883331649999998092e+01
7.916664980000000185e+01
7.949998309999999435e+01
7.983331639999998686e+01
8.016664969999997936e+01
8.049998300000000029e+01
8.083331629999999279e+01
8.116664959999998530e+01
8.149998290000000623e+01
8.183331619999999873e+01
8.216664949999999124e+01
8.249998279999998374e+01
8.283331610000000467e+01
8.316664939999999717e+01
8.349998269999998968e+01
8.383331599999998218e+01
8.416664930000000311e+01
8.449998259999999561e+01
8.483331589999998812e+01
8.516664919999998062e+01
8.549998250000000155e+01
8.583331579999999406e+01
8.616664909999998656e+01
8.649998239999997907e+01
8.683331569999999999e+01
8.716664899999999250e+01
8.749998229999998500e+01
8.783331560000000593e+01
8.816664889999999843e+01
8.849998219999999094e+01
8.883331549999998344e+01
8.916664880000000437e+01
8.949998209999999688e+01
8.983331539999998938e+01
